"Region"	"Year"	"Observed TAE"	"Modeled TAE"	"Flag"	"APC"	"Joinpoints"	"Final Selected Model"
0	2008	1.98	4.69	NA	-4.6419	0	0
0	2009	12.51	4.48	NA	-4.6419	0	0
0	2010	3.44	4.27	NA	-4.6419	0	0
0	2011	16.77	4.07	NA	-4.6419	0	0
0	2012	14.99	3.88	NA	-4.6419	0	0
0	2013	15.41	3.70	NA	-4.6419	0	0
0	2014	6.40	3.53	NA	-4.6419	0	0
0	2015	4.35	3.37	NA	-4.6419	0	0
0	2016	0.00	3.21	NA	-4.6419	0	0
0	2017	13.70	3.06	NA	-4.6419	0	0
0	2018	13.05	2.92	NA	-4.6419	0	0
0	2019	2.29	2.78	NA	-4.6419	0	0
0	2020	3.70	2.65	NA	-4.6419	0	0
0	2021	1.91	2.53	NA	-4.6419	0	0
0	2022	5.08	2.41	NA	-4.6419	0	0
0	2023	5.32	2.30	NA	-4.6419	0	0
0	2024	5.88	2.19	NA	-4.6419	0	0
1	2008	12.03	12.00	NA	-5.1260*	2	2
1	2009	11.20	11.38	NA	-5.1260*	2	2
1	2010	11.13	10.80	NA	-5.1260*	2	2
1	2011	10.13	10.24	Joinpoint 1	NA	2	2
1	2012	10.46	10.47	NA	2.2059*	2	2
1	2013	10.47	10.70	NA	2.2059*	2	2
1	2014	11.37	10.94	NA	2.2059*	2	2
1	2015	10.59	11.18	Joinpoint 2	NA	2	2
1	2016	11.09	10.79	NA	-3.4951*	2	2
1	2017	10.95	10.41	NA	-3.4951*	2	2
1	2018	9.58	10.05	NA	-3.4951*	2	2
1	2019	9.68	9.70	NA	-3.4951*	2	2
1	2020	9.31	9.36	NA	-3.4951*	2	2
1	2021	9.27	9.03	NA	-3.4951*	2	2
1	2022	8.64	8.71	NA	-3.4951*	2	2
1	2023	8.22	8.41	NA	-3.4951*	2	2
1	2024	8.34	8.12	NA	-3.4951*	2	2
2	2008	15.68	11.39	NA	-0.3801	0	0
2	2009	10.90	11.34	NA	-0.3801	0	0
2	2010	11.06	11.30	NA	-0.3801	0	0
2	2011	6.61	11.26	NA	-0.3801	0	0
2	2012	13.93	11.21	NA	-0.3801	0	0
2	2013	11.92	11.17	NA	-0.3801	0	0
2	2014	9.86	11.13	NA	-0.3801	0	0
2	2015	13.29	11.09	NA	-0.3801	0	0
2	2016	12.47	11.04	NA	-0.3801	0	0
2	2017	7.69	11.00	NA	-0.3801	0	0
2	2018	12.14	10.96	NA	-0.3801	0	0
2	2019	12.20	10.92	NA	-0.3801	0	0
2	2020	13.87	10.88	NA	-0.3801	0	0
2	2021	10.53	10.84	NA	-0.3801	0	0
2	2022	10.64	10.79	NA	-0.3801	0	0
2	2023	9.32	10.75	NA	-0.3801	0	0
2	2024	10.45	10.71	NA	-0.3801	0	0
3	2008	3.00	1.45	NA	-5.3421	0	0
3	2009	5.04	1.37	NA	-5.3421	0	0
3	2010	5.91	1.30	NA	-5.3421	0	0
3	2011	0.00	1.23	NA	-5.3421	0	0
3	2012	1.25	1.16	NA	-5.3421	0	0
3	2013	1.71	1.10	NA	-5.3421	0	0
3	2014	6.03	1.04	NA	-5.3421	0	0
3	2015	7.55	0.99	NA	-5.3421	0	0
3	2016	4.19	0.93	NA	-5.3421	0	0
3	2017	5.69	0.88	NA	-5.3421	0	0
3	2018	2.72	0.84	NA	-5.3421	0	0
3	2019	2.65	0.79	NA	-5.3421	0	0
3	2020	3.17	0.75	NA	-5.3421	0	0
3	2021	2.72	0.71	NA	-5.3421	0	0
3	2022	0.00	0.67	NA	-5.3421	0	0
3	2023	1.48	0.64	NA	-5.3421	0	0
3	2024	2.95	0.60	NA	-5.3421	0	0
4	2008	4.45	4.11	NA	2.6060*	1	1
4	2009	4.32	4.22	NA	2.6060*	1	1
4	2010	4.37	4.33	NA	2.6060*	1	1
4	2011	3.81	4.44	NA	2.6060*	1	1
4	2012	4.59	4.56	NA	2.6060*	1	1
4	2013	5.48	4.68	NA	2.6060*	1	1
4	2014	4.09	4.80	NA	2.6060*	1	1
4	2015	4.58	4.93	NA	2.6060*	1	1
4	2016	5.46	5.05	NA	2.6060*	1	1
4	2017	5.79	5.19	Joinpoint 1	NA	1	1
4	2018	5.17	4.94	NA	-4.8274*	1	1
4	2019	4.77	4.70	NA	-4.8274*	1	1
4	2020	4.11	4.47	NA	-4.8274*	1	1
4	2021	3.61	4.25	NA	-4.8274*	1	1
4	2022	4.22	4.05	NA	-4.8274*	1	1
4	2023	3.79	3.85	NA	-4.8274*	1	1
4	2024	4.17	3.67	NA	-4.8274*	1	1
5	2008	14.27	14.22	NA	-7.4671*	3	3
5	2009	13.12	13.16	NA	-7.4671*	3	3
5	2010	12.07	12.18	Joinpoint 1	NA	3	3
5	2011	12.75	12.55	NA	3.0622*	3	3
5	2012	13.18	12.94	NA	3.0622*	3	3
5	2013	12.63	13.33	NA	3.0622*	3	3
5	2014	14.10	13.74	Joinpoint 2	NA	3	3
5	2015	13.17	13.16	NA	-4.2428*	3	3
5	2016	12.61	12.60	NA	-4.2428*	3	3
5	2017	11.95	12.06	NA	-4.2428*	3	3
5	2018	11.71	11.55	NA	-4.2428*	3	3
5	2019	11.38	11.06	NA	-4.2428*	3	3
5	2020	10.09	10.59	Joinpoint 3	NA	3	3
5	2021	10.51	10.50	NA	-0.8642	3	3
5	2022	10.74	10.41	NA	-0.8642	3	3
5	2023	10.33	10.32	NA	-0.8642	3	3
5	2024	10.02	10.23	NA	-0.8642	3	3
6	2008	4.40	3.94	NA	1.3767	0	0
6	2009	4.25	3.99	NA	1.3767	0	0
6	2010	5.15	4.05	NA	1.3767	0	0
6	2011	3.78	4.10	NA	1.3767	0	0
6	2012	3.58	4.16	NA	1.3767	0	0
6	2013	4.02	4.22	NA	1.3767	0	0
6	2014	4.42	4.27	NA	1.3767	0	0
6	2015	3.24	4.33	NA	1.3767	0	0
6	2016	4.42	4.39	NA	1.3767	0	0
6	2017	4.10	4.45	NA	1.3767	0	0
6	2018	4.90	4.51	NA	1.3767	0	0
6	2019	4.55	4.58	NA	1.3767	0	0
6	2020	4.46	4.64	NA	1.3767	0	0
6	2021	5.57	4.70	NA	1.3767	0	0
6	2022	4.43	4.77	NA	1.3767	0	0
6	2023	5.84	4.83	NA	1.3767	0	0
6	2024	4.32	4.90	NA	1.3767	0	0
7	2008	18.09	18.16	NA	-6.8493*	3	3
7	2009	17.50	16.91	NA	-6.8493*	3	3
7	2010	15.14	15.76	NA	-6.8493*	3	3
7	2011	14.42	14.68	NA	-6.8493*	3	3
7	2012	14.22	13.67	NA	-6.8493*	3	3
7	2013	12.18	12.73	Joinpoint 1	NA	3	3
7	2014	13.17	12.66	NA	-0.5697	3	3
7	2015	12.60	12.59	NA	-0.5697	3	3
7	2016	12.57	12.52	Joinpoint 2	NA	3	3
7	2017	11.33	11.66	NA	-6.8911*	3	3
7	2018	11.07	10.85	NA	-6.8911*	3	3
7	2019	9.91	10.10	Joinpoint 3	NA	3	3
7	2020	9.84	10.15	NA	0.4226	3	3
7	2021	10.96	10.19	NA	0.4226	3	3
7	2022	9.97	10.23	NA	0.4226	3	3
7	2023	10.66	10.28	NA	0.4226	3	3
7	2024	9.68	10.32	NA	0.4226	3	3
8	2008	12.00	11.86	NA	-3.0882*	2	2
8	2009	11.37	11.49	NA	-3.0882*	2	2
8	2010	11.19	11.14	NA	-3.0882*	2	2
8	2011	10.77	10.79	Joinpoint 1	NA	2	2
8	2012	10.88	10.84	NA	0.4628	2	2
8	2013	10.90	10.89	NA	0.4628	2	2
8	2014	10.90	10.94	Joinpoint 2	NA	2	2
8	2015	10.71	10.66	NA	-2.6397*	2	2
8	2016	10.27	10.37	NA	-2.6397*	2	2
8	2017	10.23	10.10	NA	-2.6397*	2	2
8	2018	9.80	9.83	NA	-2.6397*	2	2
8	2019	9.69	9.57	NA	-2.6397*	2	2
8	2020	9.14	9.32	NA	-2.6397*	2	2
8	2021	9.09	9.08	NA	-2.6397*	2	2
8	2022	8.80	8.84	NA	-2.6397*	2	2
8	2023	8.66	8.60	NA	-2.6397*	2	2
8	2024	8.40	8.38	NA	-2.6397*	2	2
9	2008	15.19	14.79	NA	-3.1193*	0	0
9	2009	13.70	14.33	NA	-3.1193*	0	0
9	2010	15.20	13.88	NA	-3.1193*	0	0
9	2011	11.89	13.45	NA	-3.1193*	0	0
9	2012	13.21	13.03	NA	-3.1193*	0	0
9	2013	13.37	12.62	NA	-3.1193*	0	0
9	2014	12.50	12.23	NA	-3.1193*	0	0
9	2015	11.76	11.85	NA	-3.1193*	0	0
9	2016	9.71	11.48	NA	-3.1193*	0	0
9	2017	10.58	11.12	NA	-3.1193*	0	0
9	2018	11.22	10.77	NA	-3.1193*	0	0
9	2019	12.49	10.44	NA	-3.1193*	0	0
9	2020	11.75	10.11	NA	-3.1193*	0	0
9	2021	9.09	9.80	NA	-3.1193*	0	0
9	2022	8.89	9.49	NA	-3.1193*	0	0
9	2023	9.96	9.19	NA	-3.1193*	0	0
9	2024	7.58	8.91	NA	-3.1193*	0	0
10	2008	16.48	14.21	NA	-0.0005	0	0
10	2009	18.67	14.21	NA	-0.0005	0	0
10	2010	13.49	14.21	NA	-0.0005	0	0
10	2011	11.84	14.21	NA	-0.0005	0	0
10	2012	11.19	14.21	NA	-0.0005	0	0
10	2013	15.82	14.21	NA	-0.0005	0	0
10	2014	11.61	14.21	NA	-0.0005	0	0
10	2015	15.62	14.21	NA	-0.0005	0	0
10	2016	13.49	14.21	NA	-0.0005	0	0
10	2017	18.14	14.21	NA	-0.0005	0	0
10	2018	9.49	14.21	NA	-0.0005	0	0
10	2019	16.24	14.21	NA	-0.0005	0	0
10	2020	16.76	14.21	NA	-0.0005	0	0
10	2021	17.28	14.21	NA	-0.0005	0	0
10	2022	11.17	14.21	NA	-0.0005	0	0
10	2023	15.58	14.21	NA	-0.0005	0	0
10	2024	13.59	14.21	NA	-0.0005	0	0
11	2008	11.09	10.68	NA	15.3812*	2	2
11	2009	11.71	12.33	NA	15.3812*	2	2
11	2010	14.99	14.22	NA	15.3812*	2	2
11	2011	15.68	16.41	Joinpoint 1	NA	2	2
11	2012	13.61	14.46	NA	-11.9185*	2	2
11	2013	15.93	12.73	NA	-11.9185*	2	2
11	2014	9.24	11.22	NA	-11.9185*	2	2
11	2015	9.91	9.88	Joinpoint 2	NA	2	2
11	2016	10.16	9.96	NA	0.8232	2	2
11	2017	10.79	10.04	NA	0.8232	2	2
11	2018	8.90	10.12	NA	0.8232	2	2
11	2019	11.46	10.21	NA	0.8232	2	2
11	2020	9.05	10.29	NA	0.8232	2	2
11	2021	11.30	10.38	NA	0.8232	2	2
11	2022	12.57	10.46	NA	0.8232	2	2
11	2023	9.32	10.55	NA	0.8232	2	2
11	2024	9.86	10.63	NA	0.8232	2	2
12	2008	18.68	16.57	NA	-1.0834	1	1
12	2009	15.94	16.39	NA	-1.0834	1	1
12	2010	17.24	16.21	NA	-1.0834	1	1
12	2011	14.37	16.03	NA	-1.0834	1	1
12	2012	15.34	15.86	NA	-1.0834	1	1
12	2013	16.29	15.69	NA	-1.0834	1	1
12	2014	14.15	15.52	NA	-1.0834	1	1
12	2015	17.26	15.35	NA	-1.0834	1	1
12	2016	14.28	15.18	NA	-1.0834	1	1
12	2017	14.13	15.02	NA	-1.0834	1	1
12	2018	15.99	14.86	NA	-1.0834	1	1
12	2019	15.55	14.70	NA	-1.0834	1	1
12	2020	13.97	14.54	Joinpoint 1	NA	1	1
12	2021	13.76	13.61	NA	-6.3381*	1	1
12	2022	12.78	12.75	NA	-6.3381*	1	1
12	2023	11.43	11.94	NA	-6.3381*	1	1
12	2024	11.83	11.19	NA	-6.3381*	1	1
13	2008	6.26	6.32	NA	-0.3176	0	0
13	2009	5.85	6.30	NA	-0.3176	0	0
13	2010	6.42	6.28	NA	-0.3176	0	0
13	2011	5.74	6.26	NA	-0.3176	0	0
13	2012	6.41	6.24	NA	-0.3176	0	0
13	2013	5.55	6.22	NA	-0.3176	0	0
13	2014	7.62	6.20	NA	-0.3176	0	0
13	2015	7.63	6.18	NA	-0.3176	0	0
13	2016	5.80	6.16	NA	-0.3176	0	0
13	2017	4.49	6.14	NA	-0.3176	0	0
13	2018	7.64	6.12	NA	-0.3176	0	0
13	2019	6.62	6.10	NA	-0.3176	0	0
13	2020	6.48	6.08	NA	-0.3176	0	0
13	2021	6.15	6.06	NA	-0.3176	0	0
13	2022	5.21	6.04	NA	-0.3176	0	0
13	2023	5.27	6.02	NA	-0.3176	0	0
13	2024	6.61	6.00	NA	-0.3176	0	0
14	2008	4.56	3.32	NA	0.2930	0	0
14	2009	3.25	3.33	NA	0.2930	0	0
14	2010	2.28	3.34	NA	0.2930	0	0
14	2011	3.15	3.35	NA	0.2930	0	0
14	2012	4.34	3.36	NA	0.2930	0	0
14	2013	3.47	3.37	NA	0.2930	0	0
14	2014	4.56	3.38	NA	0.2930	0	0
14	2015	3.35	3.39	NA	0.2930	0	0
14	2016	3.15	3.40	NA	0.2930	0	0
14	2017	2.30	3.41	NA	0.2930	0	0
14	2018	4.10	3.42	NA	0.2930	0	0
14	2019	3.89	3.43	NA	0.2930	0	0
14	2020	2.09	3.44	NA	0.2930	0	0
14	2021	3.71	3.45	NA	0.2930	0	0
14	2022	3.22	3.46	NA	0.2930	0	0
14	2023	3.31	3.47	NA	0.2930	0	0
14	2024	5.65	3.48	NA	0.2930	0	0
15	2008	3.16	3.31	NA	0.8233	0	0
15	2009	3.58	3.34	NA	0.8233	0	0
15	2010	2.76	3.36	NA	0.8233	0	0
15	2011	3.65	3.39	NA	0.8233	0	0
15	2012	3.68	3.42	NA	0.8233	0	0
15	2013	3.35	3.45	NA	0.8233	0	0
15	2014	3.72	3.48	NA	0.8233	0	0
15	2015	3.80	3.51	NA	0.8233	0	0
15	2016	2.85	3.53	NA	0.8233	0	0
15	2017	3.91	3.56	NA	0.8233	0	0
15	2018	3.99	3.59	NA	0.8233	0	0
15	2019	3.58	3.62	NA	0.8233	0	0
15	2020	3.23	3.65	NA	0.8233	0	0
15	2021	3.75	3.68	NA	0.8233	0	0
15	2022	4.24	3.71	NA	0.8233	0	0
15	2023	3.99	3.74	NA	0.8233	0	0
15	2024	3.03	3.77	NA	0.8233	0	0
16	2008	15.32	15.09	NA	-2.7459*	2	2
16	2009	14.26	14.68	NA	-2.7459*	2	2
16	2010	14.61	14.27	NA	-2.7459*	2	2
16	2011	14.53	13.88	NA	-2.7459*	2	2
16	2012	13.61	13.50	NA	-2.7459*	2	2
16	2013	12.71	13.13	NA	-2.7459*	2	2
16	2014	11.64	12.77	NA	-2.7459*	2	2
16	2015	13.00	12.42	NA	-2.7459*	2	2
16	2016	11.60	12.08	NA	-2.7459*	2	2
16	2017	12.62	11.75	NA	-2.7459*	2	2
16	2018	11.55	11.42	Joinpoint 1	NA	2	2
16	2019	10.11	10.47	NA	-8.3382*	2	2
16	2020	9.68	9.60	NA	-8.3382*	2	2
16	2021	8.61	8.80	Joinpoint 2	NA	2	2
16	2022	9.20	8.79	NA	-0.1043	2	2
16	2023	8.60	8.78	NA	-0.1043	2	2
16	2024	8.77	8.77	NA	-0.1043	2	2
17	2008	0.00	0.35	NA	-11.8398	0	0
17	2009	0.00	0.31	NA	-11.8398	0	0
17	2010	12.47	0.27	NA	-11.8398	0	0
17	2011	10.31	0.24	NA	-11.8398	0	0
17	2012	3.78	0.21	NA	-11.8398	0	0
17	2013	7.13	0.19	NA	-11.8398	0	0
17	2014	5.75	0.17	NA	-11.8398	0	0
17	2015	3.81	0.15	NA	-11.8398	0	0
17	2016	0.00	0.13	NA	-11.8398	0	0
17	2017	6.32	0.11	NA	-11.8398	0	0
17	2018	4.59	0.10	NA	-11.8398	0	0
17	2019	3.45	0.09	NA	-11.8398	0	0
17	2020	0.00	0.08	NA	-11.8398	0	0
17	2021	0.00	0.07	NA	-11.8398	0	0
17	2022	3.36	0.06	NA	-11.8398	0	0
17	2023	0.00	0.05	NA	-11.8398	0	0
17	2024	12.75	0.05	NA	-11.8398	0	0
18	2008	11.03	12.06	NA	-2.9586	0	0
18	2009	17.38	11.70	NA	-2.9586	0	0
18	2010	9.95	11.36	NA	-2.9586	0	0
18	2011	12.34	11.02	NA	-2.9586	0	0
18	2012	9.42	10.70	NA	-2.9586	0	0
18	2013	16.06	10.38	NA	-2.9586	0	0
18	2014	4.51	10.07	NA	-2.9586	0	0
18	2015	4.54	9.77	NA	-2.9586	0	0
18	2016	7.70	9.48	NA	-2.9586	0	0
18	2017	14.81	9.20	NA	-2.9586	0	0
18	2018	11.14	8.93	NA	-2.9586	0	0
18	2019	12.08	8.67	NA	-2.9586	0	0
18	2020	13.57	8.41	NA	-2.9586	0	0
18	2021	10.43	8.16	NA	-2.9586	0	0
18	2022	7.12	7.92	NA	-2.9586	0	0
18	2023	9.64	7.69	NA	-2.9586	0	0
18	2024	2.77	7.46	NA	-2.9586	0	0
19	2008	19.29	19.86	NA	-6.3298*	3	3
19	2009	19.51	18.60	NA	-6.3298*	3	3
19	2010	16.47	17.43	NA	-6.3298*	3	3
19	2011	16.92	16.32	Joinpoint 1	NA	3	3
19	2012	17.08	16.86	NA	3.3052*	3	3
19	2013	16.60	17.42	NA	3.3052*	3	3
19	2014	18.99	18.00	NA	3.3052*	3	3
19	2015	17.05	18.59	NA	3.3052*	3	3
19	2016	21.11	19.20	NA	3.3052*	3	3
19	2017	19.98	19.84	Joinpoint 2	NA	3	3
19	2018	16.68	17.84	NA	-10.0655*	3	3
19	2019	16.23	16.05	NA	-10.0655*	3	3
19	2020	14.31	14.43	Joinpoint 3	NA	3	3
19	2021	14.99	14.98	NA	3.7894*	3	3
19	2022	15.68	15.55	NA	3.7894*	3	3
19	2023	17.85	16.14	NA	3.7894*	3	3
19	2024	14.50	16.75	NA	3.7894*	3	3
20	2008	2.60	2.85	NA	0.6382	0	0
20	2009	2.51	2.87	NA	0.6382	0	0
20	2010	1.83	2.89	NA	0.6382	0	0
20	2011	3.92	2.91	NA	0.6382	0	0
20	2012	3.69	2.93	NA	0.6382	0	0
20	2013	3.49	2.94	NA	0.6382	0	0
20	2014	2.15	2.96	NA	0.6382	0	0
20	2015	3.78	2.98	NA	0.6382	0	0
20	2016	2.77	3.00	NA	0.6382	0	0
20	2017	3.50	3.02	NA	0.6382	0	0
20	2018	4.51	3.04	NA	0.6382	0	0
20	2019	1.90	3.06	NA	0.6382	0	0
20	2020	3.55	3.08	NA	0.6382	0	0
20	2021	4.33	3.10	NA	0.6382	0	0
20	2022	4.11	3.12	NA	0.6382	0	0
20	2023	2.01	3.14	NA	0.6382	0	0
20	2024	2.21	3.16	NA	0.6382	0	0
21	2008	5.27	5.61	NA	-19.2585*	3	3
21	2009	5.09	4.53	NA	-19.2585*	3	3
21	2010	3.11	3.66	Joinpoint 1	NA	3	3
21	2011	5.26	4.76	NA	29.9928*	3	3
21	2012	6.75	6.19	NA	29.9928*	3	3
21	2013	7.00	8.04	Joinpoint 2	NA	3	3
21	2014	6.62	7.08	NA	-12.0063*	3	3
21	2015	7.27	6.23	NA	-12.0063*	3	3
21	2016	5.98	5.48	NA	-12.0063*	3	3
21	2017	4.13	4.82	Joinpoint 3	NA	3	3
21	2018	4.77	4.84	NA	0.3465	3	3
21	2019	4.63	4.85	NA	0.3465	3	3
21	2020	5.54	4.87	NA	0.3465	3	3
21	2021	5.38	4.89	NA	0.3465	3	3
21	2022	4.18	4.90	NA	0.3465	3	3
21	2023	4.88	4.92	NA	0.3465	3	3
21	2024	5.13	4.94	NA	0.3465	3	3
22	2008	16.22	13.59	NA	-2.6555*	0	0
22	2009	11.71	13.23	NA	-2.6555*	0	0
22	2010	14.35	12.88	NA	-2.6555*	0	0
22	2011	13.73	12.53	NA	-2.6555*	0	0
22	2012	10.59	12.20	NA	-2.6555*	0	0
22	2013	10.64	11.88	NA	-2.6555*	0	0
22	2014	13.72	11.56	NA	-2.6555*	0	0
22	2015	11.32	11.25	NA	-2.6555*	0	0
22	2016	9.40	10.96	NA	-2.6555*	0	0
22	2017	12.43	10.66	NA	-2.6555*	0	0
22	2018	8.02	10.38	NA	-2.6555*	0	0
22	2019	8.72	10.11	NA	-2.6555*	0	0
22	2020	11.52	9.84	NA	-2.6555*	0	0
22	2021	9.77	9.58	NA	-2.6555*	0	0
22	2022	9.14	9.32	NA	-2.6555*	0	0
22	2023	9.71	9.07	NA	-2.6555*	0	0
22	2024	9.49	8.83	NA	-2.6555*	0	0
23	2008	15.40	16.00	NA	-1.9108*	0	0
23	2009	16.33	15.70	NA	-1.9108*	0	0
23	2010	15.62	15.40	NA	-1.9108*	0	0
23	2011	14.64	15.10	NA	-1.9108*	0	0
23	2012	14.86	14.81	NA	-1.9108*	0	0
23	2013	14.14	14.53	NA	-1.9108*	0	0
23	2014	14.57	14.25	NA	-1.9108*	0	0
23	2015	14.27	13.98	NA	-1.9108*	0	0
23	2016	13.57	13.71	NA	-1.9108*	0	0
23	2017	12.22	13.45	NA	-1.9108*	0	0
23	2018	13.71	13.19	NA	-1.9108*	0	0
23	2019	13.60	12.94	NA	-1.9108*	0	0
23	2020	13.31	12.69	NA	-1.9108*	0	0
23	2021	13.08	12.45	NA	-1.9108*	0	0
23	2022	11.88	12.21	NA	-1.9108*	0	0
23	2023	11.15	11.98	NA	-1.9108*	0	0
23	2024	11.90	11.75	NA	-1.9108*	0	0
24	2008	14.79	14.30	NA	3.3414	1	1
24	2009	14.00	14.78	NA	3.3414	1	1
24	2010	16.01	15.27	NA	3.3414	1	1
24	2011	15.73	15.78	Joinpoint 1	NA	1	1
24	2012	16.00	15.41	NA	-2.3543*	1	1
24	2013	15.53	15.05	NA	-2.3543*	1	1
24	2014	14.20	14.69	NA	-2.3543*	1	1
24	2015	14.86	14.35	NA	-2.3543*	1	1
24	2016	13.27	14.01	NA	-2.3543*	1	1
24	2017	12.81	13.68	NA	-2.3543*	1	1
24	2018	12.23	13.36	NA	-2.3543*	1	1
24	2019	13.70	13.04	NA	-2.3543*	1	1
24	2020	13.76	12.73	NA	-2.3543*	1	1
24	2021	11.72	12.43	NA	-2.3543*	1	1
24	2022	12.57	12.14	NA	-2.3543*	1	1
24	2023	12.31	11.86	NA	-2.3543*	1	1
24	2024	11.32	11.58	NA	-2.3543*	1	1
25	2008	11.58	10.14	NA	1.2965	0	0
25	2009	11.72	10.27	NA	1.2965	0	0
25	2010	9.15	10.41	NA	1.2965	0	0
25	2011	9.51	10.54	NA	1.2965	0	0
25	2012	11.42	10.68	NA	1.2965	0	0
25	2013	12.02	10.82	NA	1.2965	0	0
25	2014	9.66	10.96	NA	1.2965	0	0
25	2015	10.62	11.10	NA	1.2965	0	0
25	2016	8.38	11.24	NA	1.2965	0	0
25	2017	12.33	11.39	NA	1.2965	0	0
25	2018	12.91	11.54	NA	1.2965	0	0
25	2019	12.14	11.69	NA	1.2965	0	0
25	2020	10.34	11.84	NA	1.2965	0	0
25	2021	12.96	11.99	NA	1.2965	0	0
25	2022	14.16	12.15	NA	1.2965	0	0
25	2023	11.56	12.30	NA	1.2965	0	0
25	2024	12.62	12.46	NA	1.2965	0	0
26	2008	16.07	19.67	NA	-3.7992*	0	0
26	2009	17.81	18.92	NA	-3.7992*	0	0
26	2010	22.09	18.20	NA	-3.7992*	0	0
26	2011	20.79	17.51	NA	-3.7992*	0	0
26	2012	15.98	16.84	NA	-3.7992*	0	0
26	2013	16.15	16.20	NA	-3.7992*	0	0
26	2014	13.69	15.59	NA	-3.7992*	0	0
26	2015	13.58	15.00	NA	-3.7992*	0	0
26	2016	17.39	14.43	NA	-3.7992*	0	0
26	2017	12.56	13.88	NA	-3.7992*	0	0
26	2018	13.37	13.35	NA	-3.7992*	0	0
26	2019	14.47	12.84	NA	-3.7992*	0	0
26	2020	11.59	12.36	NA	-3.7992*	0	0
26	2021	11.75	11.89	NA	-3.7992*	0	0
26	2022	10.07	11.43	NA	-3.7992*	0	0
26	2023	11.91	11.00	NA	-3.7992*	0	0
26	2024	11.07	10.58	NA	-3.7992*	0	0
27	2008	14.04	14.30	NA	2.2296	2	2
27	2009	15.27	14.62	NA	2.2296	2	2
27	2010	14.95	14.94	NA	2.2296	2	2
27	2011	13.69	15.27	NA	2.2296	2	2
27	2012	17.10	15.61	Joinpoint 1	NA	2	2
27	2013	14.63	14.85	NA	-4.8896*	2	2
27	2014	14.49	14.12	NA	-4.8896*	2	2
27	2015	12.83	13.43	NA	-4.8896*	2	2
27	2016	13.16	12.78	NA	-4.8896*	2	2
27	2017	12.12	12.15	Joinpoint 2	NA	2	2
27	2018	12.11	12.13	NA	-0.1585	2	2
27	2019	12.21	12.11	NA	-0.1585	2	2
27	2020	11.06	12.09	NA	-0.1585	2	2
27	2021	13.11	12.08	NA	-0.1585	2	2
27	2022	12.49	12.06	NA	-0.1585	2	2
27	2023	11.84	12.04	NA	-0.1585	2	2
27	2024	11.60	12.02	NA	-0.1585	2	2
28	2008	11.58	11.21	NA	0.1294	1	1
28	2009	10.47	11.23	NA	0.1294	1	1
28	2010	12.92	11.24	NA	0.1294	1	1
28	2011	10.98	11.26	NA	0.1294	1	1
28	2012	10.46	11.27	NA	0.1294	1	1
28	2013	11.15	11.28	NA	0.1294	1	1
28	2014	10.95	11.30	NA	0.1294	1	1
28	2015	11.49	11.31	NA	0.1294	1	1
28	2016	11.82	11.33	NA	0.1294	1	1
28	2017	11.04	11.34	NA	0.1294	1	1
28	2018	11.56	11.36	Joinpoint 1	NA	1	1
28	2019	10.52	10.83	NA	-4.6751*	1	1
28	2020	10.68	10.32	NA	-4.6751*	1	1
28	2021	9.97	9.84	NA	-4.6751*	1	1
28	2022	9.25	9.38	NA	-4.6751*	1	1
28	2023	9.16	8.94	NA	-4.6751*	1	1
28	2024	8.19	8.52	NA	-4.6751*	1	1
29	2008	4.47	5.39	NA	-21.4697	1	1
29	2009	4.81	4.23	NA	-21.4697	1	1
29	2010	4.31	3.32	NA	-21.4697	1	1
29	2011	2.20	2.61	Joinpoint 1	NA	1	1
29	2012	2.38	2.77	NA	5.9630*	1	1
29	2013	2.72	2.93	NA	5.9630*	1	1
29	2014	3.60	3.11	NA	5.9630*	1	1
29	2015	4.10	3.29	NA	5.9630*	1	1
29	2016	2.57	3.49	NA	5.9630*	1	1
29	2017	3.55	3.70	NA	5.9630*	1	1
29	2018	4.25	3.92	NA	5.9630*	1	1
29	2019	4.72	4.15	NA	5.9630*	1	1
29	2020	4.94	4.40	NA	5.9630*	1	1
29	2021	4.41	4.66	NA	5.9630*	1	1
29	2022	4.43	4.94	NA	5.9630*	1	1
29	2023	5.86	5.23	NA	5.9630*	1	1
29	2024	4.89	5.54	NA	5.9630*	1	1
30	2008	15.16	16.37	NA	-3.4108*	0	0
30	2009	16.48	15.81	NA	-3.4108*	0	0
30	2010	14.23	15.27	NA	-3.4108*	0	0
30	2011	14.81	14.75	NA	-3.4108*	0	0
30	2012	14.45	14.25	NA	-3.4108*	0	0
30	2013	15.43	13.76	NA	-3.4108*	0	0
30	2014	13.77	13.30	NA	-3.4108*	0	0
30	2015	12.83	12.84	NA	-3.4108*	0	0
30	2016	12.04	12.40	NA	-3.4108*	0	0
30	2017	11.92	11.98	NA	-3.4108*	0	0
30	2018	11.33	11.57	NA	-3.4108*	0	0
30	2019	11.63	11.18	NA	-3.4108*	0	0
30	2020	10.57	10.80	NA	-3.4108*	0	0
30	2021	10.29	10.43	NA	-3.4108*	0	0
30	2022	9.38	10.07	NA	-3.4108*	0	0
30	2023	9.43	9.73	NA	-3.4108*	0	0
30	2024	10.37	9.40	NA	-3.4108*	0	0
31	2008	13.42	12.84	NA	-2.2772*	0	0
31	2009	12.22	12.55	NA	-2.2772*	0	0
31	2010	12.10	12.27	NA	-2.2772*	0	0
31	2011	11.84	11.99	NA	-2.2772*	0	0
31	2012	11.15	11.71	NA	-2.2772*	0	0
31	2013	12.36	11.45	NA	-2.2772*	0	0
31	2014	11.44	11.19	NA	-2.2772*	0	0
31	2015	11.24	10.93	NA	-2.2772*	0	0
31	2016	10.09	10.68	NA	-2.2772*	0	0
31	2017	11.01	10.44	NA	-2.2772*	0	0
31	2018	9.59	10.20	NA	-2.2772*	0	0
31	2019	10.48	9.97	NA	-2.2772*	0	0
31	2020	9.20	9.74	NA	-2.2772*	0	0
31	2021	9.72	9.52	NA	-2.2772*	0	0
31	2022	9.47	9.30	NA	-2.2772*	0	0
31	2023	9.08	9.09	NA	-2.2772*	0	0
31	2024	8.71	8.88	NA	-2.2772*	0	0
32	2008	0.00	0.03	NA	46.3908	1	1
32	2009	13.94	0.05	NA	46.3908	1	1
32	2010	8.84	0.07	NA	46.3908	1	1
32	2011	0.00	0.11	NA	46.3908	1	1
32	2012	5.93	0.16	NA	46.3908	1	1
32	2013	9.91	0.23	NA	46.3908	1	1
32	2014	0.00	0.34	NA	46.3908	1	1
32	2015	6.76	0.50	NA	46.3908	1	1
32	2016	0.00	0.72	NA	46.3908	1	1
32	2017	15.61	1.06	NA	46.3908	1	1
32	2018	9.64	1.55	NA	46.3908	1	1
32	2019	15.04	2.27	NA	46.3908	1	1
32	2020	4.50	3.33	Joinpoint 1	NA	1	1
32	2021	4.84	0.13	NA	-96.1101*	1	1
32	2022	0.00	0.01	NA	-96.1101*	1	1
32	2023	0.00	0.00	NA	-96.1101*	1	1
32	2024	0.00	0.00	NA	-96.1101*	1	1
33	2008	2.35	0.52	NA	0.7301	0	0
33	2009	2.61	0.53	NA	0.7301	0	0
33	2010	0.00	0.53	NA	0.7301	0	0
33	2011	2.87	0.53	NA	0.7301	0	0
33	2012	6.60	0.54	NA	0.7301	0	0
33	2013	6.16	0.54	NA	0.7301	0	0
33	2014	9.32	0.55	NA	0.7301	0	0
33	2015	1.35	0.55	NA	0.7301	0	0
33	2016	4.29	0.55	NA	0.7301	0	0
33	2017	10.88	0.56	NA	0.7301	0	0
33	2018	0.00	0.56	NA	0.7301	0	0
33	2019	0.00	0.57	NA	0.7301	0	0
33	2020	8.02	0.57	NA	0.7301	0	0
33	2021	2.78	0.57	NA	0.7301	0	0
33	2022	1.02	0.58	NA	0.7301	0	0
33	2023	3.04	0.58	NA	0.7301	0	0
33	2024	2.23	0.59	NA	0.7301	0	0
